8  8
0.194016  0.0926421  0.0861485  0.113561  0.110626  0.122485  0.127288  0.153233  
21.624685  0.432028  -0.370010  0.020020  0.514000  0.505030  0.491952  0.489000  
54.299213  0.431339  -0.371268  0.021543  0.546877  0.541256  0.451879  0.449508  
74.661293  0.430000  -0.372840  0.045992  0.605415  0.595107  0.373915  0.371505  
97.508904  0.430168  -0.370505  0.068855  -0.654899  -0.646141  -0.278615  -0.270756  
122.954445  0.430259  -0.370236  0.076396  -0.680243  -0.673946  -0.206926  -0.198819  
149.568481  0.429895  -0.369360  0.078909  -0.690150  -0.686827  -0.165076  -0.156443  
178.083954  0.430296  -0.372066  0.085839  -0.699974  -0.696833  -0.110163  -0.108060  
210.001083  0.431015  -0.372000  0.086940  -0.703060  -0.701988  -0.079049  -0.077049  
163.282898  0.000610  -0.000222  0.000444  0.000002  0.000669  -0.001057  -0.000003  
0.000610  0.000010  -0.000000  0.000000  0.000000  0.000000  -0.000000  -0.000000  
-0.000222  -0.000000  0.000010  -0.000000  -0.000000  -0.000000  0.000000  0.000000  
0.000444  0.000000  -0.000000  0.000010  0.000000  0.000000  -0.000000  -0.000000  
0.000002  0.000000  -0.000000  0.000000  0.000010  0.000000  -0.000000  -0.000000  
0.000669  0.000000  -0.000000  0.000000  0.000000  0.000010  -0.000000  -0.000000  
-0.001057  -0.000000  0.000000  -0.000000  -0.000000  -0.000000  0.000010  0.000000  
-0.000003  -0.000000  0.000000  -0.000000  -0.000000  -0.000000  0.000000  0.000010  
37.744423  -0.004827  -0.002337  0.009483  0.115551  0.113554  -0.137855  -0.139237  
-0.004827  0.000011  0.000000  -0.000001  -0.000015  -0.000015  0.000018  0.000018  
-0.002337  0.000000  0.000010  -0.000001  -0.000007  -0.000007  0.000009  0.000009  
0.009483  -0.000001  -0.000001  0.000018  0.000028  0.000027  -0.000035  -0.000035  
0.115551  -0.000015  -0.000007  0.000028  0.000364  0.000348  -0.000422  -0.000426  
0.113554  -0.000015  -0.000007  0.000027  0.000348  0.000353  -0.000415  -0.000419  
-0.137855  0.000018  0.000009  -0.000035  -0.000422  -0.000415  0.000514  0.000509  
-0.139237  0.000018  0.000009  -0.000035  -0.000426  -0.000419  0.000509  0.000524  
32.421810  -0.000001  0.002005  0.024352  0.082069  0.081451  -0.127613  -0.134296  
-0.000001  0.000010  0.000000  -0.000000  -0.000000  -0.000000  0.000000  0.000000  
0.002005  0.000000  0.000010  0.000000  0.000005  0.000005  -0.000008  -0.000009  
0.024352  -0.000000  0.000000  0.000039  0.000063  0.000062  -0.000096  -0.000099  
0.082069  -0.000000  0.000005  0.000063  0.000218  0.000206  -0.000323  -0.000340  
0.081451  -0.000000  0.000005  0.000062  0.000206  0.000215  -0.000321  -0.000337  
-0.127613  0.000000  -0.000008  -0.000096  -0.000323  -0.000321  0.000512  0.000529  
-0.134296  0.000000  -0.000009  -0.000099  -0.000340  -0.000337  0.000529  0.000567  
57.244987  0.000588  0.002629  0.047939  -0.104366  -0.112085  0.252936  0.259030  
0.000588  0.000010  0.000000  0.000001  -0.000001  -0.000001  0.000002  0.000002  
0.002629  0.000000  0.000010  0.000002  -0.000005  -0.000005  0.000011  0.000012  
0.047939  0.000001  0.000002  0.000058  -0.000089  -0.000095  0.000211  0.000217  
-0.104366  -0.000001  -0.000005  -0.000089  0.000202  0.000205  -0.000461  -0.000472  
-0.112085  -0.000001  -0.000005  -0.000095  0.000205  0.000230  -0.000495  -0.000507  
0.252936  0.000002  0.000011  0.000211  -0.000461  -0.000495  0.001128  0.001145  
0.259030  0.000002  0.000012  0.000217  -0.000472  -0.000507  0.001145  0.001183  
55.231567  -0.004084  -0.001133  -0.002999  -0.030990  -0.030621  0.101451  0.105975  
-0.004084  0.000010  0.000000  0.000000  0.000003  0.000002  -0.000008  -0.000008  
-0.001133  0.000000  0.000010  0.000000  0.000001  0.000001  -0.000002  -0.000002  
-0.002999  0.000000  0.000000  0.000010  0.000002  0.000002  -0.000005  -0.000006  
-0.030990  0.000003  0.000001  0.000002  0.000029  0.000019  -0.000063  -0.000066  
-0.030621  0.000002  0.000001  0.000002  0.000019  0.000029  -0.000062  -0.000065  
0.101451  -0.000008  -0.000002  -0.000005  -0.000063  -0.000062  0.000217  0.000216  
0.105975  -0.000008  -0.000002  -0.000006  -0.000066  -0.000065  0.000216  0.000236  
65.329689  0.001005  0.001641  0.022385  -0.000201  -0.002283  0.005158  0.007564  
0.001005  0.000010  0.000000  0.000000  0.000000  -0.000000  0.000000  0.000000  
0.001641  0.000000  0.000010  0.000001  0.000000  -0.000000  0.000000  0.000000  
0.022385  0.000000  0.000001  0.000020  -0.000000  -0.000001  0.000001  0.000002  
-0.000201  0.000000  0.000000  -0.000000  0.000010  -0.000000  -0.000000  -0.000000  
-0.002283  -0.000000  -0.000000  -0.000001  -0.000000  0.000010  -0.000001  -0.000001  
0.005158  0.000000  0.000000  0.000001  -0.000000  -0.000001  0.000012  0.000002  
0.007564  0.000000  0.000000  0.000002  -0.000000  -0.000001  0.000002  0.000012  
71.399170  0.005798  0.001608  0.008451  -0.018886  -0.030415  0.153398  0.149092  
0.005798  0.000011  0.000000  0.000001  -0.000002  -0.000003  0.000015  0.000014  
0.001608  0.000000  0.000010  0.000000  -0.000000  -0.000001  0.000004  0.000004  
0.008451  0.000001  0.000000  0.000012  -0.000003  -0.000005  0.000022  0.000021  
-0.018886  -0.000002  -0.000000  -0.000003  0.000016  0.000009  -0.000046  -0.000044  
-0.030415  -0.000003  -0.000001  -0.000005  0.000009  0.000026  -0.000076  -0.000073  
0.153398  0.000015  0.000004  0.000022  -0.000046  -0.000076  0.000383  0.000359  
0.149092  0.000014  0.000004  0.000021  -0.000044  -0.000073  0.000359  0.000357  
102.632668  -0.000162  -0.000000  0.001010  0.001009  -0.000221  0.000887  0.000887  
-0.000162  0.000010  -0.000000  0.000000  0.000000  -0.000000  0.000000  0.000000  
-0.000000  -0.000000  0.000010  -0.000000  0.000000  0.000000  -0.000000  -0.000000  
0.001010  0.000000  -0.000000  0.000010  0.000000  -0.000000  0.000000  0.000000  
0.001009  0.000000  0.000000  0.000000  0.000010  -0.000000  0.000000  0.000000  
-0.000221  -0.000000  0.000000  -0.000000  -0.000000  0.000010  -0.000000  -0.000000  
0.000887  0.000000  -0.000000  0.000000  0.000000  -0.000000  0.000010  0.000000  
0.000887  0.000000  -0.000000  0.000000  0.000000  -0.000000  0.000000  0.000010  
