8  8
0.155399  0.123379  0.116312  0.105263  0.0956188  0.146362  0.0716873  0.185978  
12.293222  0.396986  -0.232700  0.006305  -0.526510  -0.502038  -0.504947  -0.464730  
35.331989  0.395501  -0.233378  0.011899  -0.563972  -0.544641  -0.456571  -0.416953  
54.737400  0.394509  -0.233325  0.033057  -0.628444  -0.615160  -0.355838  -0.312000  
73.053841  0.394612  -0.231720  0.052146  -0.668872  -0.659221  -0.264160  -0.215833  
89.985680  0.393771  -0.231177  0.074198  -0.686993  -0.683315  -0.194368  -0.144791  
109.818115  0.393886  -0.232497  0.099748  -0.699861  -0.703993  -0.097275  -0.052928  
126.327599  0.394682  -0.233301  0.108537  -0.702193  -0.710609  -0.038771  0.003597  
147.546036  0.395370  -0.233632  0.122521  -0.699041  -0.710602  0.019215  0.062260  
55.290867  -0.000181  0.000464  0.000642  -0.000195  -0.000486  0.000681  0.000312  
-0.000181  0.000010  0.000000  -0.000000  0.000000  0.000000  -0.000000  -0.000000  
0.000464  0.000000  0.000010  -0.000000  -0.000000  0.000000  -0.000000  -0.000000  
0.000642  -0.000000  -0.000000  0.000010  -0.000000  -0.000000  0.000000  0.000000  
-0.000195  0.000000  -0.000000  -0.000000  0.000011  0.000000  -0.000000  -0.000000  
-0.000486  0.000000  0.000000  -0.000000  0.000000  0.000011  -0.000001  -0.000001  
0.000681  -0.000000  -0.000000  0.000000  -0.000000  -0.000001  0.000011  0.000001  
0.000312  -0.000000  -0.000000  0.000000  -0.000000  -0.000001  0.000001  0.000010  
40.751263  -0.002859  -0.002029  0.029475  -0.137027  -0.151163  0.181509  0.186738  
-0.002859  0.000010  0.000000  -0.000002  0.000010  0.000011  -0.000013  -0.000014  
-0.002029  0.000000  0.000010  -0.000002  0.000008  0.000009  -0.000010  -0.000011  
0.029475  -0.000002  -0.000002  0.000036  -0.000104  -0.000115  0.000139  0.000142  
-0.137027  0.000010  0.000008  -0.000104  0.000507  0.000545  -0.000654  -0.000675  
-0.151163  0.000011  0.000009  -0.000115  0.000545  0.000609  -0.000719  -0.000741  
0.181509  -0.000013  -0.000010  0.000139  -0.000654  -0.000719  0.000875  0.000892  
0.186738  -0.000014  -0.000011  0.000142  -0.000675  -0.000741  0.000892  0.000931  
42.122589  -0.002455  0.003282  0.041947  -0.094964  -0.104295  0.181175  0.190323  
-0.002455  0.000010  -0.000000  -0.000002  0.000007  0.000007  -0.000013  -0.000014  
0.003282  -0.000000  0.000010  0.000003  -0.000008  -0.000009  0.000016  0.000017  
0.041947  -0.000002  0.000003  0.000064  -0.000108  -0.000118  0.000205  0.000216  
-0.094964  0.000007  -0.000008  -0.000108  0.000284  0.000296  -0.000518  -0.000547  
-0.104295  0.000007  -0.000009  -0.000118  0.000296  0.000332  -0.000561  -0.000593  
0.181175  -0.000013  0.000016  0.000205  -0.000518  -0.000561  0.000994  0.001039  
0.190323  -0.000014  0.000017  0.000216  -0.000547  -0.000593  0.001039  0.001108  
38.232594  -0.001059  0.001827  0.019699  -0.046766  -0.059312  0.147776  0.150649  
-0.001059  0.000010  0.000000  -0.000000  0.000001  0.000002  -0.000005  -0.000005  
0.001827  0.000000  0.000010  0.000002  -0.000003  -0.000004  0.000008  0.000009  
0.019699  -0.000000  0.000002  0.000051  -0.000032  -0.000041  0.000100  0.000104  
-0.046766  0.000001  -0.000003  -0.000032  0.000083  0.000091  -0.000226  -0.000232  
-0.059312  0.000002  -0.000004  -0.000041  0.000091  0.000125  -0.000285  -0.000292  
0.147776  -0.000005  0.000008  0.000100  -0.000226  -0.000285  0.000719  0.000726  
0.150649  -0.000005  0.000009  0.000104  -0.000232  -0.000292  0.000726  0.000754  
45.776234  -0.002832  -0.000197  0.049504  -0.033177  -0.046104  0.158192  0.156586  
-0.002832  0.000010  0.000000  -0.000003  0.000003  0.000004  -0.000015  -0.000015  
-0.000197  0.000000  0.000010  -0.000000  -0.000001  -0.000001  0.000002  0.000002  
0.049504  -0.000003  -0.000000  0.000087  -0.000031  -0.000042  0.000146  0.000146  
-0.033177  0.000003  -0.000001  -0.000031  0.000060  0.000067  -0.000229  -0.000229  
-0.046104  0.000004  -0.000001  -0.000042  0.000067  0.000103  -0.000315  -0.000314  
0.158192  -0.000015  0.000002  0.000146  -0.000229  -0.000315  0.001090  0.001075  
0.156586  -0.000015  0.000002  0.000146  -0.000229  -0.000314  0.001075  0.001082  
96.125191  0.005491  -0.005419  0.138290  -0.019544  -0.041328  0.313060  0.299376  
0.005491  0.000011  -0.000000  0.000008  -0.000001  -0.000003  0.000022  0.000021  
-0.005419  -0.000000  0.000011  -0.000007  0.000002  0.000003  -0.000022  -0.000020  
0.138290  0.000008  -0.000007  0.000238  -0.000029  -0.000058  0.000452  0.000437  
-0.019544  -0.000001  0.000002  -0.000029  0.000016  0.000011  -0.000079  -0.000075  
-0.041328  -0.000003  0.000003  -0.000058  0.000011  0.000032  -0.000156  -0.000147  
0.313060  0.000022  -0.000022  0.000452  -0.000079  -0.000156  0.001216  0.001148  
0.299376  0.000021  -0.000020  0.000437  -0.000075  -0.000147  0.001148  0.001107  
56.671959  0.002615  0.001592  0.046227  0.002260  -0.005379  0.030981  0.042401  
0.002615  0.000011  0.000000  0.000001  0.000000  -0.000000  -0.000001  0.000000  
0.001592  0.000000  0.000010  0.000001  0.000000  -0.000000  -0.000003  -0.000003  
0.046227  0.000001  0.000001  0.000062  0.000002  -0.000005  0.000057  0.000066  
0.002260  0.000000  0.000000  0.000002  0.000010  -0.000000  0.000001  0.000001  
-0.005379  -0.000000  -0.000000  -0.000005  -0.000000  0.000011  -0.000009  -0.000010  
0.030981  -0.000001  -0.000003  0.000057  0.000001  -0.000009  0.000236  0.000227  
0.042401  0.000000  -0.000003  0.000066  0.000001  -0.000010  0.000227  0.000242  
99.692795  0.002431  0.000463  0.007606  0.001614  -0.002150  -0.013028  -0.012202  
0.002431  0.000010  0.000000  0.000002  0.000001  0.000000  0.000012  0.000011  
0.000463  0.000000  0.000010  0.000003  -0.000001  -0.000000  -0.000005  -0.000004  
0.007606  0.000002  0.000003  0.000066  -0.000001  -0.000000  0.000024  0.000027  
0.001614  0.000001  -0.000001  -0.000001  0.000019  0.000005  0.000091  0.000089  
-0.002150  0.000000  -0.000000  -0.000000  0.000005  0.000013  0.000050  0.000049  
-0.013028  0.000012  -0.000005  0.000024  0.000091  0.000050  0.001053  0.001021  
-0.012202  0.000011  -0.000004  0.000027  0.000089  0.000049  0.001021  0.001010  
